0.000000 10.500000 258.276950 0.000000 35.000000 -1.000000
1.000000 10.500000 610.001650 0.050000 35.000000 1.000000
2.000000 10.500000 1175.667750 0.000000 35.000000 1.000000
3.000000 10.500000 665.613400 0.050000 35.000000 1.000000
4.000000 10.500000 1560.955650 0.050000 35.000000 1.000000
5.000000 10.500000 1167.101400 0.150000 35.050000 1.000000
6.000000 10.500000 897.860400 0.200000 35.900000 1.000000
7.000000 10.500000 1070.678300 0.300000 36.200000 1.000000
8.000000 10.500000 806.961350 0.000000 37.500000 2.400000
9.000000 10.500000 756.702050 0.000000 38.350000 2.900000
10.000000 10.500000 790.131700 0.000000 39.750000 5.450000
11.000000 10.500000 882.910850 0.050000 40.450000 7.700000
12.000000 10.500000 412.268000 0.000000 40.350000 6.900000
13.000000 10.500000 1248.776400 0.100000 41.600000 7.400000
14.000000 10.500000 1336.187000 0.000000 40.400000 8.950000
15.000000 10.500000 1477.459450 0.000000 39.150000 12.600000
16.000000 10.500000 1316.564200 0.000000 39.050000 23.950000
17.000000 10.500000 1592.677600 0.000000 39.350000 18.250000
18.000000 10.500000 1551.029250 0.000000 39.750000 23.200000
19.000000 10.500000 1468.345300 0.050000 40.200000 20.600000
20.000000 10.500000 1528.813650 0.050000 40.700000 22.800000
21.000000 10.500000 1655.395400 0.250000 41.000000 24.000000
22.000000 10.500000 1471.959650 0.050000 41.700000 25.650000
23.000000 10.500000 1236.792100 0.150000 41.450000 24.450000
24.000000 10.500000 504.015950 0.000000 42.100000 26.150000
25.000000 10.500000 570.940600 0.200000 39.700000 14.850000
26.000000 10.500000 976.105650 0.250000 39.900000 23.600000
27.000000 10.500000 1461.773850 0.650000 39.200000 21.300000
28.000000 10.500000 2181.207900 1.100000 40.100000 28.500000
29.000000 10.500000 1017.995700 0.300000 40.800000 35.900000
30.000000 10.500000 1434.760500 0.500000 40.700000 32.800000
31.000000 10.500000 1775.201000 0.500000 41.250000 33.950000
32.000000 10.500000 914.663150 0.300000 41.550000 34.350000
33.000000 10.500000 1064.560600 0.200000 41.750000 36.050000
34.000000 10.500000 1440.011750 0.600000 41.850000 32.700000
35.000000 10.500000 1610.898200 0.550000 41.300000 34.850000
36.000000 10.500000 1742.222400 0.500000 42.000000 35.050000
37.000000 10.500000 1974.834900 0.700000 42.500000 36.700000
38.000000 10.500000 1759.952750 0.650000 42.850000 36.900000
39.000000 10.500000 1782.809850 0.400000 42.950000 35.550000
40.000000 10.500000 372.408950 0.150000 43.600000 36.700000
41.000000 10.500000 917.710150 0.400000 43.750000 40.800000
42.000000 10.500000 1785.896000 0.550000 42.750000 32.250000
43.000000 10.500000 1687.336400 0.250000 43.000000 36.950000
44.000000 10.500000 1297.771950 0.450000 43.150000 36.850000
45.000000 10.500000 1627.758850 0.500000 43.100000 33.550000
46.000000 10.500000 953.816050 0.350000 44.050000 38.900000
47.000000 10.500000 1565.084900 0.400000 43.200000 33.800000
48.000000 10.500000 1064.567550 0.200000 44.450000 40.750000
49.000000 10.500000 1844.178450 0.850000 44.100000 39.400000
50.000000 10.500000 1510.589900 0.400000 44.150000 39.050000
51.000000 10.500000 1530.825550 0.200000 45.300000 38.200000
52.000000 10.500000 2061.678600 0.950000 46.250000 41.150000
53.000000 10.500000 1709.928900 0.500000 46.550000 39.850000
54.000000 10.500000 989.216750 0.350000 46.400000 39.800000
55.000000 10.500000 1594.489850 0.800000 45.500000 43.000000
56.000000 10.500000 1643.915900 0.300000 46.100000 35.550000
57.000000 10.500000 1788.285200 0.500000 46.000000 38.600000
58.000000 10.500000 1268.454050 0.400000 46.600000 37.100000
59.000000 10.500000 1525.823500 0.350000 48.750000 41.950000
60.000000 10.500000 1617.905050 0.600000 49.150000 41.350000
61.000000 10.500000 1989.946250 0.800000 48.650000 41.100000
62.000000 10.500000 1450.637150 0.700000 49.400000 41.450000
63.000000 10.500000 522.986900 0.000000 49.050000 38.300000
64.000000 10.500000 1696.523900 0.250000 53.250000 44.900000
65.000000 10.500000 1074.121700 0.250000 52.150000 37.000000
66.000000 10.500000 1645.452100 0.450000 52.000000 35.650000
67.000000 10.500000 1753.577850 0.750000 52.100000 36.900000
68.000000 10.500000 1015.127550 0.200000 53.700000 40.400000
69.000000 10.500000 1778.823250 0.700000 50.050000 32.050000
70.000000 10.500000 1585.113050 0.700000 50.450000 32.250000
71.000000 10.500000 1051.785150 0.150000 51.900000 34.300000
72.000000 10.500000 1416.247250 0.400000 53.800000 41.500000
73.000000 10.500000 1474.412350 0.300000 50.900000 47.400000
74.000000 10.500000 1753.570100 0.600000 50.850000 43.750000
75.000000 10.500000 1062.796900 0.250000 49.950000 43.800000
76.000000 10.500000 1815.148350 0.600000 53.150000 43.450000
77.000000 10.500000 1688.037500 0.450000 53.400000 51.350000
78.000000 10.500000 1228.726850 0.650000 53.600000 51.300000
79.000000 10.500000 2020.533850 1.150000 48.850000 51.300000
80.000000 10.500000 1020.913550 0.400000 50.850000 63.050000
81.000000 10.500000 1513.484250 0.500000 58.150000 66.750000
82.000000 10.500000 1798.378750 0.450000 59.650000 79.550000
83.000000 10.500000 1545.774600 0.450000 51.350000 60.550000
84.000000 10.500000 1444.668900 0.400000 57.100000 98.950000
85.000000 10.500000 1945.713750 0.800000 55.200000 86.150000
86.000000 10.500000 1100.047150 0.200000 57.350000 115.600000
87.000000 10.500000 1548.349000 0.400000 59.000000 111.750000
88.000000 10.500000 1714.728550 0.500000 61.950000 136.900000
89.000000 10.500000 1662.961850 0.700000 60.850000 130.050000
90.000000 10.500000 1584.190850 0.700000 62.500000 156.200000
91.000000 10.500000 777.168700 0.400000 62.450000 152.800000
92.000000 10.500000 1566.616950 0.750000 59.900000 141.300000
93.000000 10.500000 1379.388050 0.350000 59.700000 153.700000
94.000000 10.500000 1780.086650 0.700000 60.950000 156.800000
95.000000 10.500000 2002.973100 1.000000 61.150000 153.000000
96.000000 10.500000 1827.353600 1.200000 61.400000 159.100000
97.000000 10.500000 1815.505900 1.050000 61.250000 160.850000
98.000000 10.500000 1711.215700 0.750000 61.000000 160.600000
99.000000 10.500000 1592.067700 0.550000 61.150000 159.400000
100.000000 10.500000 1777.171450 0.650000 61.600000 164.300000
101.000000 10.500000 1599.956300 0.700000 61.450000 161.900000
102.000000 10.500000 2040.136500 1.300000 61.100000 155.050000
103.000000 10.500000 1882.418750 1.100000 61.550000 157.000000
104.000000 10.500000 1602.496300 0.750000 62.750000 170.650000
105.000000 10.500000 1402.047100 0.500000 63.400000 170.350000
106.000000 10.500000 1433.004550 0.250000 63.650000 170.150000
107.000000 10.500000 1704.354350 0.600000 63.250000 170.300000
108.000000 10.500000 1874.575500 0.850000 63.400000 170.050000
109.000000 10.500000 1723.522900 1.000000 63.400000 169.900000
110.000000 10.500000 1572.711150 0.600000 63.650000 170.000000
111.000000 10.500000 1728.758200 0.750000 63.000000 170.950000
112.000000 10.500000 1524.482950 0.350000 63.550000 171.300000
113.000000 10.500000 1678.771350 0.800000 63.650000 171.550000
114.000000 10.500000 1664.398350 0.800000 63.600000 171.250000
115.000000 10.500000 1842.797400 0.950000 63.500000 170.850000
116.000000 10.500000 1197.278550 0.300000 64.600000 172.650000
117.000000 10.500000 1467.402950 0.450000 64.350000 171.850000
118.000000 10.500000 1840.439400 0.800000 64.200000 171.850000
119.000000 10.500000 1734.595650 0.800000 64.900000 173.100000
120.000000 10.500000 1810.546700 0.900000 65.550000 173.850000
121.000000 10.500000 1175.247450 0.250000 65.550000 172.850000
122.000000 10.500000 1356.869650 0.450000 66.050000 172.850000
123.000000 10.500000 1456.403150 0.500000 65.850000 173.200000
124.000000 10.500000 1415.286600 0.500000 66.150000 173.700000
125.000000 10.500000 1508.536700 0.400000 66.350000 173.500000
126.000000 10.500000 1521.688350 0.450000 66.150000 173.300000
127.000000 10.500000 1254.446750 0.250000 66.100000 173.250000
128.000000 10.500000 1392.145450 0.400000 66.050000 173.600000
129.000000 10.500000 1666.666450 0.550000 66.250000 173.250000
130.000000 10.500000 1311.174450 0.650000 66.200000 172.850000
131.000000 10.500000 1465.877800 0.400000 66.000000 174.800000
132.000000 10.500000 1623.227950 0.650000 66.300000 174.650000
133.000000 10.500000 941.934150 0.600000 67.100000 174.150000
134.000000 10.500000 1070.159350 0.350000 66.250000 175.700000
135.000000 10.500000 1308.349200 0.200000 67.650000 177.000000
136.000000 10.500000 1321.960750 0.350000 67.500000 176.850000
137.000000 10.500000 1339.836050 0.250000 67.200000 176.400000
138.000000 10.500000 1472.753200 0.400000 67.950000 177.150000
139.000000 10.500000 1481.923100 0.450000 67.350000 176.700000
140.000000 10.500000 1592.204600 0.800000 68.050000 177.250000
141.000000 10.500000 1631.935600 0.850000 67.750000 177.150000
142.000000 10.500000 1651.510550 0.550000 67.250000 176.750000
143.000000 10.500000 1427.188150 0.250000 67.250000 176.950000
144.000000 10.500000 1439.222600 0.400000 66.600000 181.250000
145.000000 10.500000 1490.799150 0.350000 66.300000 181.150000
146.000000 10.500000 1448.818000 0.500000 66.400000 181.200000
147.000000 10.500000 1747.577100 1.000000 66.850000 181.150000
148.000000 10.500000 1573.886000 0.750000 66.550000 181.200000
149.000000 10.500000 1284.366250 0.250000 66.750000 182.550000
150.000000 10.500000 1165.426300 0.200000 66.950000 182.100000
151.000000 10.500000 1391.081250 0.550000 67.300000 181.850000
152.000000 10.500000 1580.365150 0.900000 67.250000 182.250000
153.000000 10.500000 878.302550 0.350000 67.050000 182.000000
154.000000 10.500000 1672.139850 0.750000 67.050000 181.450000
155.000000 10.500000 1448.152200 0.350000 67.850000 182.600000
156.000000 10.500000 1071.488350 0.150000 66.500000 182.450000
157.000000 10.500000 1380.042550 0.500000 66.600000 183.500000
158.000000 10.500000 1748.467500 0.550000 67.450000 182.200000
159.000000 10.500000 1774.213600 0.700000 68.350000 182.150000
160.000000 10.500000 1500.186750 0.550000 68.750000 182.300000
161.000000 10.500000 1738.726400 0.650000 68.050000 181.850000
162.000000 10.500000 892.664600 0.300000 66.700000 183.300000
163.000000 10.500000 1728.694250 0.750000 67.250000 182.000000
164.000000 10.500000 1308.356650 0.450000 67.550000 185.000000
165.000000 10.500000 1585.823600 0.450000 67.600000 184.400000
166.000000 10.500000 1750.964800 1.000000 69.900000 187.450000
167.000000 10.500000 1410.722400 0.650000 70.250000 187.150000
168.000000 10.500000 903.505250 0.200000 72.900000 187.550000
169.000000 10.500000 1469.431250 0.550000 72.400000 187.000000
170.000000 10.500000 1249.670250 0.450000 73.900000 188.800000
171.000000 10.500000 1462.279650 0.850000 74.100000 188.400000
172.000000 10.500000 1524.037350 0.500000 73.950000 188.900000
173.000000 10.500000 1684.515200 0.800000 74.100000 188.900000
174.000000 10.500000 1571.519200 0.550000 74.850000 188.700000
175.000000 10.500000 1558.663000 0.650000 74.400000 188.650000
176.000000 10.500000 1205.169500 0.400000 75.350000 189.050000
177.000000 10.500000 1307.155800 0.350000 74.200000 188.500000
178.000000 10.500000 1289.574600 0.300000 75.350000 188.600000
179.000000 10.500000 1582.944200 0.850000 73.750000 188.000000
180.000000 10.500000 1588.749800 0.850000 75.000000 189.500000
181.000000 10.500000 1056.843750 0.250000 74.700000 189.600000
182.000000 10.500000 1809.331150 0.500000 75.950000 190.500000
183.000000 10.500000 547.206600 0.350000 75.000000 190.350000
184.000000 10.500000 1429.308600 0.550000 72.350000 189.850000
185.000000 10.500000 1318.841250 0.250000 75.400000 190.900000
186.000000 10.500000 1463.903400 0.600000 74.800000 190.600000
187.000000 10.500000 1560.887750 0.900000 74.400000 190.400000
188.000000 10.500000 1337.442600 0.800000 74.450000 190.300000
189.000000 10.500000 1616.434550 0.850000 78.150000 190.650000
190.000000 10.500000 1381.599200 0.600000 77.500000 191.300000
191.000000 10.500000 1640.731550 0.750000 77.400000 205.650000
192.000000 10.500000 1671.662900 0.750000 78.450000 199.150000
193.000000 10.500000 1460.432250 0.550000 77.950000 220.350000
194.000000 10.500000 1540.843200 0.650000 78.550000 211.600000
195.000000 10.500000 1091.216550 0.400000 79.800000 216.000000
196.000000 10.500000 1802.486100 1.050000 79.850000 211.250000
197.000000 10.500000 1195.058850 0.450000 80.950000 216.400000
198.000000 10.500000 1254.359500 0.700000 79.750000 208.850000
199.000000 10.500000 1393.040300 0.450000 80.500000 218.000000
