0.000000 10.500000 125.874550 42.450000 26.000000 -1.000000
1.000000 10.500000 168.135850 38.850000 26.100000 1.000000
2.000000 10.500000 240.003050 0.000000 26.100000 1.000000
3.000000 10.500000 85.915050 89.350000 26.900000 1.450000
4.000000 10.500000 216.691050 3.550000 26.800000 1.400000
5.000000 10.500000 171.780200 10.000000 27.200000 1.500000
6.000000 10.500000 184.800650 0.000000 27.350000 2.000000
7.000000 10.500000 190.985200 59.900000 27.600000 2.150000
8.000000 10.500000 149.439800 94.100000 27.900000 2.400000
9.000000 10.500000 59.195450 290.400000 28.100000 2.400000
10.000000 10.500000 246.774400 6.950000 30.900000 5.100000
11.000000 10.500000 257.865600 1.000000 31.300000 15.600000
12.000000 10.500000 194.528850 46.650000 30.850000 5.100000
13.000000 10.500000 213.221350 8.400000 31.100000 29.650000
14.000000 10.500000 273.311950 0.000000 31.100000 15.500000
15.000000 10.500000 275.675500 3.050000 31.700000 51.850000
16.000000 10.500000 229.652150 27.200000 32.300000 50.800000
17.000000 10.500000 270.378850 7.750000 32.350000 46.050000
18.000000 10.500000 282.142850 0.000000 33.150000 51.500000
19.000000 10.500000 195.550650 27.700000 33.000000 50.850000
20.000000 10.500000 252.424400 5.800000 32.700000 48.800000
21.000000 10.500000 250.815800 5.350000 32.700000 48.800000
22.000000 10.500000 239.986300 1.200000 32.700000 46.950000
23.000000 10.500000 211.824100 5.700000 32.850000 48.800000
24.000000 10.500000 239.286550 12.900000 32.100000 48.450000
25.000000 10.500000 282.832400 9.300000 32.900000 51.850000
26.000000 10.500000 284.883150 0.600000 32.750000 48.450000
27.000000 10.500000 230.592650 68.600000 33.550000 52.450000
28.000000 10.500000 267.385000 0.400000 33.250000 51.950000
29.000000 10.500000 222.599950 39.300000 33.100000 50.150000
30.000000 10.500000 291.943050 22.700000 33.200000 50.250000
31.000000 10.500000 314.807300 0.500000 33.650000 52.700000
32.000000 10.500000 278.804200 5.000000 33.800000 57.550000
33.000000 10.500000 220.544450 33.650000 34.050000 58.800000
34.000000 10.500000 302.192600 0.100000 33.650000 56.400000
35.000000 10.500000 289.733800 33.350000 34.050000 53.400000
36.000000 10.500000 266.481800 7.750000 34.400000 48.800000
37.000000 10.500000 317.644600 13.050000 34.100000 47.950000
38.000000 10.500000 319.586200 7.300000 34.250000 47.950000
39.000000 10.500000 235.738650 24.950000 35.750000 55.400000
40.000000 10.500000 269.141350 10.350000 35.200000 53.200000
41.000000 10.500000 292.869750 2.050000 35.600000 54.450000
42.000000 10.500000 279.487700 18.250000 35.550000 53.150000
43.000000 10.500000 242.829900 56.100000 35.500000 53.200000
44.000000 10.500000 292.577900 15.650000 35.350000 51.300000
45.000000 10.500000 328.330050 37.550000 35.200000 58.700000
46.000000 10.500000 314.818100 7.700000 35.250000 57.700000
47.000000 10.500000 202.540150 72.900000 35.350000 57.700000
48.000000 10.500000 343.452400 8.200000 35.250000 60.850000
49.000000 10.500000 309.804000 39.550000 35.450000 59.400000
50.000000 10.500000 304.283200 48.000000 35.650000 58.550000
51.000000 10.500000 355.447550 20.300000 36.200000 63.200000
52.000000 10.500000 276.063250 66.800000 36.300000 62.850000
53.000000 10.500000 304.845850 51.800000 36.100000 60.650000
54.000000 10.500000 355.405150 9.100000 36.250000 58.950000
55.000000 10.500000 264.050000 56.250000 36.200000 57.500000
56.000000 10.500000 309.623950 19.550000 36.400000 58.350000
57.000000 10.500000 336.666300 29.200000 37.200000 61.500000
58.000000 10.500000 306.509300 13.400000 36.300000 62.100000
59.000000 10.500000 327.749950 13.900000 36.000000 60.200000
60.000000 10.500000 316.046950 10.650000 36.200000 62.050000
61.000000 10.500000 313.994750 7.400000 36.050000 61.750000
62.000000 10.500000 317.339100 11.550000 35.850000 58.600000
63.000000 10.500000 335.698600 3.700000 36.300000 60.150000
64.000000 10.500000 314.910100 5.300000 37.400000 66.900000
65.000000 10.500000 334.131950 5.450000 36.900000 64.350000
66.000000 10.500000 306.343350 8.100000 37.000000 63.100000
67.000000 10.500000 330.344600 3.850000 37.150000 67.600000
68.000000 10.500000 232.428350 83.600000 37.100000 65.900000
69.000000 10.500000 338.965600 11.400000 37.450000 64.200000
70.000000 10.500000 345.904100 31.350000 37.550000 66.350000
71.000000 10.500000 294.959250 40.850000 37.400000 66.400000
72.000000 10.500000 360.250550 10.250000 37.450000 65.950000
73.000000 10.500000 340.880800 9.150000 37.500000 66.350000
74.000000 10.500000 319.352350 11.100000 37.300000 66.000000
75.000000 10.500000 317.112450 31.250000 37.150000 64.300000
76.000000 10.500000 338.916400 11.450000 37.400000 64.650000
77.000000 10.500000 353.895350 4.750000 36.750000 69.350000
78.000000 10.500000 286.428750 59.950000 36.950000 69.250000
79.000000 10.500000 363.242350 15.300000 36.700000 69.000000
80.000000 10.500000 320.319250 7.050000 36.900000 69.350000
81.000000 10.500000 364.390800 1.700000 37.750000 75.700000
82.000000 10.500000 336.576600 4.500000 38.250000 75.500000
83.000000 10.500000 303.773850 27.200000 37.600000 75.800000
84.000000 10.500000 328.080500 6.200000 37.850000 75.750000
85.000000 10.500000 355.024700 8.550000 37.950000 75.650000
86.000000 10.500000 318.447600 33.850000 38.900000 76.350000
87.000000 10.500000 355.858200 5.400000 40.300000 77.350000
88.000000 10.500000 371.454100 7.850000 40.200000 77.150000
89.000000 10.500000 350.919700 23.300000 39.800000 77.550000
90.000000 10.500000 372.088950 6.850000 39.800000 77.550000
91.000000 10.500000 363.764250 4.100000 39.400000 79.900000
92.000000 10.500000 367.275200 8.100000 40.100000 80.700000
93.000000 10.500000 362.418950 8.300000 40.100000 79.650000
94.000000 10.500000 368.606900 10.200000 41.600000 81.900000
95.000000 10.500000 361.370400 8.450000 43.300000 97.900000
96.000000 10.500000 386.380650 1.650000 40.200000 85.400000
97.000000 10.500000 347.951200 8.650000 39.350000 113.850000
98.000000 10.500000 367.314900 6.550000 39.800000 106.900000
99.000000 10.500000 311.283400 8.350000 39.150000 133.700000
100.000000 10.500000 344.412750 21.250000 39.500000 132.150000
101.000000 10.500000 319.661600 15.600000 40.200000 127.950000
102.000000 10.500000 370.266300 2.600000 39.950000 128.900000
103.000000 10.500000 342.406750 8.350000 40.300000 129.250000
104.000000 10.500000 389.713700 1.100000 39.900000 130.450000
105.000000 10.500000 332.152250 18.200000 40.300000 128.150000
106.000000 10.500000 355.840750 6.100000 40.250000 127.950000
107.000000 10.500000 304.763150 61.450000 40.600000 129.250000
108.000000 10.500000 366.122000 8.350000 40.650000 128.800000
109.000000 10.500000 382.469050 2.650000 42.050000 131.350000
110.000000 10.500000 374.433200 10.100000 42.300000 131.350000
111.000000 10.500000 381.971950 7.500000 42.350000 130.700000
112.000000 10.500000 365.390250 7.900000 40.700000 135.150000
113.000000 10.500000 325.178300 31.450000 42.600000 130.700000
114.000000 10.500000 340.185300 9.950000 42.800000 130.700000
115.000000 10.500000 336.085100 32.700000 44.500000 134.850000
116.000000 10.500000 361.982950 12.750000 45.550000 130.250000
117.000000 10.500000 335.059150 28.800000 45.850000 132.050000
118.000000 10.500000 306.488400 66.500000 45.750000 135.400000
119.000000 10.500000 383.326200 12.900000 46.050000 136.200000
120.000000 10.500000 363.701850 9.650000 47.300000 139.500000
121.000000 10.500000 327.510500 11.450000 47.800000 134.700000
122.000000 10.500000 317.865750 44.100000 47.800000 141.150000
123.000000 10.500000 362.093550 3.750000 47.850000 141.150000
124.000000 10.500000 382.285600 14.900000 48.150000 142.050000
125.000000 10.500000 327.228450 23.050000 50.000000 144.000000
126.000000 10.500000 351.024300 27.900000 50.950000 143.050000
127.000000 10.500000 329.788850 14.800000 51.650000 144.150000
128.000000 10.500000 352.099750 8.150000 53.050000 145.700000
129.000000 10.500000 377.947050 4.950000 54.050000 146.350000
130.000000 10.500000 375.534150 3.250000 54.300000 147.100000
131.000000 10.500000 377.393300 9.750000 55.450000 147.550000
132.000000 10.500000 357.467750 12.600000 54.500000 146.100000
133.000000 10.500000 338.328850 21.350000 54.550000 146.100000
134.000000 10.500000 329.066300 2.700000 55.450000 145.200000
135.000000 10.500000 389.370800 11.100000 55.650000 145.800000
136.000000 10.500000 349.238600 3.850000 55.850000 146.200000
137.000000 10.500000 373.041050 5.950000 55.550000 145.800000
138.000000 10.500000 391.766550 2.950000 55.250000 146.550000
139.000000 10.500000 348.879050 2.100000 55.250000 146.600000
140.000000 10.500000 351.520450 6.450000 54.950000 145.500000
141.000000 10.500000 360.944700 7.600000 55.250000 146.600000
142.000000 10.500000 291.125950 47.350000 55.600000 146.600000
143.000000 10.500000 393.326100 9.150000 56.650000 152.900000
144.000000 10.500000 344.289250 44.100000 56.350000 154.150000
145.000000 10.500000 185.030850 53.200000 57.500000 154.150000
146.000000 10.500000 340.850600 37.700000 57.100000 153.100000
147.000000 10.500000 378.722950 7.050000 57.750000 153.700000
148.000000 10.500000 369.569900 5.250000 58.300000 154.400000
149.000000 10.500000 370.495650 13.150000 58.450000 154.400000
150.000000 10.500000 370.927050 0.800000 58.300000 154.600000
151.000000 10.500000 394.112050 12.800000 58.200000 153.300000
152.000000 10.500000 377.513200 4.150000 57.900000 154.700000
153.000000 10.500000 357.026850 6.450000 58.900000 155.650000
154.000000 10.500000 375.491550 13.500000 58.850000 152.500000
155.000000 10.500000 294.511750 19.650000 57.600000 156.950000
156.000000 10.500000 358.840850 1.000000 56.600000 160.600000
157.000000 10.500000 355.011000 8.850000 57.100000 161.800000
158.000000 10.500000 361.152750 34.750000 56.900000 161.000000
159.000000 10.500000 383.048250 11.400000 57.950000 161.500000
160.000000 10.500000 406.285700 3.650000 57.600000 160.800000
161.000000 10.500000 375.582300 3.650000 57.700000 160.750000
162.000000 10.500000 359.013950 16.550000 57.450000 160.800000
163.000000 10.500000 317.394700 34.200000 57.450000 160.800000
164.000000 10.500000 330.199600 33.350000 57.650000 160.800000
165.000000 10.500000 346.650700 50.800000 57.800000 160.800000
166.000000 10.500000 199.910800 119.150000 57.800000 159.800000
167.000000 10.500000 338.992700 73.550000 58.100000 160.950000
168.000000 10.500000 316.566150 45.950000 59.550000 163.600000
169.000000 10.500000 346.151400 18.350000 59.500000 163.750000
170.000000 10.500000 352.236650 65.400000 59.800000 163.900000
171.000000 10.500000 390.635650 18.800000 60.750000 164.550000
172.000000 10.500000 341.897650 39.050000 61.150000 164.600000
173.000000 10.500000 245.045100 155.350000 61.100000 164.150000
174.000000 10.500000 314.230250 23.400000 60.900000 164.100000
175.000000 10.500000 353.910750 37.700000 61.600000 164.450000
176.000000 10.500000 358.292450 9.500000 60.500000 164.850000
177.000000 10.500000 365.517600 24.250000 60.350000 164.850000
178.000000 10.500000 362.274100 2.450000 60.100000 165.350000
179.000000 10.500000 369.898050 8.950000 60.250000 165.350000
180.000000 10.500000 332.498350 19.050000 60.100000 165.400000
181.000000 10.500000 365.406800 8.150000 60.250000 165.600000
182.000000 10.500000 339.133750 19.000000 60.450000 167.900000
183.000000 10.500000 356.384350 10.150000 60.450000 167.150000
184.000000 10.500000 332.978150 11.350000 61.050000 167.900000
185.000000 10.500000 354.315650 7.300000 60.950000 168.000000
186.000000 10.500000 221.874150 10.750000 60.700000 168.200000
187.000000 10.500000 390.374550 9.950000 61.200000 168.700000
188.000000 10.500000 339.585850 25.250000 61.900000 167.950000
189.000000 10.500000 339.959400 3.850000 61.300000 168.650000
190.000000 10.500000 357.079700 2.450000 61.250000 167.950000
191.000000 10.500000 359.660750 0.550000 61.250000 167.950000
192.000000 10.500000 328.897850 18.350000 61.350000 167.950000
193.000000 10.500000 390.157950 1.800000 61.300000 167.750000
194.000000 10.500000 357.829050 4.600000 61.350000 168.250000
195.000000 10.500000 324.199950 12.750000 61.400000 170.700000
196.000000 10.500000 343.120650 13.200000 61.400000 170.600000
197.000000 10.500000 319.213200 35.300000 61.700000 171.700000
198.000000 10.500000 337.991350 12.700000 61.550000 171.650000
199.000000 10.500000 347.459600 29.700000 61.800000 172.400000
