0.000000 10.500000 569.878000 0.000000 35.000000 -1.000000
0.000000 30.500000 623.239000 0.000000 35.000000 -1.000000
0.500000 25.500000 789.078900 0.000000 35.100000 0.000000
1.000000 20.500000 750.772800 0.000000 35.200000 1.000000
1.000000 40.500000 713.935400 0.000000 35.150000 1.000000
2.000000 10.500000 1229.392050 0.000000 36.500000 1.150000
2.000000 30.500000 1223.055300 0.050000 37.100000 2.000000
2.500000 25.500000 1070.977200 0.000000 36.300000 1.500000
3.000000 20.500000 945.570350 0.000000 36.700000 2.050000
3.000000 40.500000 887.234850 0.000000 38.750000 3.850000
4.000000 10.500000 1146.129350 0.000000 35.800000 1.350000
4.000000 30.500000 812.923000 0.000000 37.450000 2.900000
4.500000 25.500000 1147.747200 0.000000 37.000000 2.500000
5.000000 20.500000 1166.210750 0.000000 36.750000 2.250000
5.000000 40.500000 1247.291650 0.000000 39.000000 4.600000
6.000000 10.500000 1454.443900 0.100000 35.800000 1.400000
6.000000 30.500000 980.328000 0.050000 38.250000 3.750000
6.500000 25.500000 1335.180050 0.100000 37.000000 3.000000
7.000000 20.500000 1382.599900 0.100000 36.900000 2.200000
7.000000 40.500000 1131.749550 0.050000 38.500000 4.300000
8.000000 10.500000 1235.060350 0.300000 36.000000 1.600000
8.000000 30.500000 678.930250 0.000000 38.500000 4.250000
8.500000 25.500000 1113.806600 0.150000 37.200000 3.500000
9.000000 20.500000 980.767550 0.050000 38.000000 3.700000
9.000000 40.500000 1150.978600 0.000000 40.350000 8.050000
10.000000 10.500000 1165.658150 0.100000 36.400000 2.000000
10.000000 30.500000 1112.306600 0.100000 39.050000 5.900000
10.500000 25.500000 1224.735200 0.050000 38.550000 4.650000
11.000000 20.500000 963.490350 0.000000 38.250000 3.600000
11.000000 40.500000 1424.603750 0.000000 40.450000 7.000000
12.000000 10.500000 1110.315600 0.050000 37.050000 2.350000
12.000000 30.500000 1119.444900 0.000000 40.550000 6.600000
12.500000 25.500000 1127.008800 0.150000 37.500000 5.500000
13.000000 20.500000 1286.014500 0.150000 39.000000 3.500000
13.000000 40.500000 1200.078950 0.050000 40.550000 8.200000
14.000000 10.500000 1515.451000 0.100000 36.250000 1.600000
14.000000 30.500000 1128.702800 0.000000 40.600000 5.700000
14.500000 25.500000 1448.113050 0.250000 38.000000 5.650000
15.000000 20.500000 1352.862800 0.000000 40.000000 6.100000
15.000000 40.500000 1372.969650 0.000000 40.850000 11.600000
16.000000 10.500000 1714.040850 0.350000 37.950000 3.000000
16.000000 30.500000 1482.303200 0.100000 39.900000 10.650000
16.500000 25.500000 1385.787250 0.350000 36.200000 7.100000
17.000000 20.500000 1244.349800 0.200000 39.900000 5.600000
17.000000 40.500000 1426.169450 0.050000 40.950000 11.450000
18.000000 10.500000 1698.435400 0.350000 36.950000 2.050000
18.000000 30.500000 1118.409400 0.100000 40.850000 8.400000
18.500000 25.500000 1390.453000 0.200000 38.500000 6.500000
19.000000 20.500000 1624.970000 0.200000 38.650000 3.250000
19.000000 40.500000 1385.534200 0.150000 41.350000 10.200000
20.000000 10.500000 1911.213550 0.750000 36.800000 2.000000
20.000000 30.500000 1194.860850 0.150000 40.700000 7.400000
20.500000 25.500000 1540.610200 0.400000 38.500000 6.500000
21.000000 20.500000 1543.031700 0.400000 39.050000 3.200000
21.000000 40.500000 1321.941250 0.150000 41.150000 10.400000
22.000000 10.500000 1839.114400 0.600000 36.100000 1.500000
22.000000 30.500000 1461.174300 0.300000 40.750000 7.400000
22.500000 25.500000 1448.082200 0.200000 38.600000 6.500000
23.000000 20.500000 1737.202000 0.500000 39.300000 3.400000
23.000000 40.500000 1581.001950 0.300000 41.250000 10.600000
24.000000 10.500000 1664.430550 0.200000 37.750000 1.500000
24.000000 30.500000 1597.286600 0.300000 40.800000 5.000000
24.500000 25.500000 1804.239400 0.650000 38.550000 5.500000
25.000000 20.500000 1494.965700 0.400000 40.900000 5.300000
25.000000 40.500000 1611.842400 0.300000 41.300000 12.600000
26.000000 10.500000 1763.681850 0.450000 38.700000 2.200000
26.000000 30.500000 1384.587050 0.200000 40.750000 8.900000
26.500000 25.500000 1738.672700 0.500000 39.600000 7.500000
27.000000 20.500000 1576.583750 0.450000 41.700000 5.450000
27.000000 40.500000 1653.543550 0.250000 41.500000 12.800000
28.000000 10.500000 1735.875950 0.450000 39.700000 2.350000
28.000000 30.500000 1502.265300 0.250000 40.750000 9.100000
28.500000 25.500000 1614.215100 0.300000 39.700000 7.500000
29.000000 20.500000 1362.976350 0.350000 41.650000 5.450000
29.000000 40.500000 1588.903550 0.300000 41.500000 12.800000
30.000000 10.500000 1400.837950 0.150000 39.750000 2.350000
30.000000 30.500000 1317.192600 0.100000 41.450000 8.400000
30.500000 25.500000 1761.574100 0.450000 40.900000 7.500000
31.000000 20.500000 1626.980900 0.350000 41.300000 5.500000
31.000000 40.500000 1489.906850 0.100000 44.500000 13.000000
32.000000 10.500000 1647.515300 0.350000 39.600000 2.350000
32.000000 30.500000 1484.940550 0.400000 41.850000 8.800000
32.500000 25.500000 1804.980750 0.400000 41.600000 7.500000
33.000000 20.500000 1643.337450 0.300000 42.450000 8.600000
33.000000 40.500000 1714.365000 0.350000 46.250000 14.650000
34.000000 10.500000 1807.948100 0.650000 38.850000 2.050000
34.000000 30.500000 1653.628700 0.500000 42.200000 9.500000
34.500000 25.500000 1802.196300 0.400000 41.500000 7.500000
35.000000 20.500000 1664.517950 0.450000 40.750000 5.650000
35.000000 40.500000 1669.302000 0.400000 44.700000 13.000000
36.000000 10.500000 1692.673500 0.350000 39.500000 2.800000
36.000000 30.500000 1624.287900 0.300000 43.400000 12.600000
36.500000 25.500000 1803.907600 0.350000 40.800000 8.500000
37.000000 20.500000 1675.281050 0.300000 42.100000 8.100000
37.000000 40.500000 1710.508600 0.450000 44.650000 15.400000
38.000000 10.500000 1638.931900 0.400000 39.600000 2.500000
38.000000 30.500000 1612.313750 0.200000 43.750000 12.600000
38.500000 25.500000 1761.753250 0.450000 40.500000 8.500000
39.000000 20.500000 1700.133850 0.400000 42.100000 8.400000
39.000000 40.500000 1686.674000 0.450000 44.650000 15.400000
40.000000 10.500000 1759.684950 0.450000 39.700000 2.500000
40.000000 30.500000 1649.405450 0.450000 43.450000 12.600000
40.500000 25.500000 1671.695750 0.550000 40.600000 8.500000
41.000000 20.500000 1682.942850 0.450000 41.550000 7.700000
41.000000 40.500000 1759.268500 0.550000 44.850000 15.200000
42.000000 10.500000 1909.917100 1.000000 39.650000 3.250000
42.000000 30.500000 1698.754350 0.550000 43.900000 13.000000
42.500000 25.500000 1741.108500 0.500000 40.550000 8.500000
43.000000 20.500000 1960.097350 1.000000 41.800000 7.200000
43.000000 40.500000 1754.480300 0.550000 45.350000 15.200000
44.000000 10.500000 1916.257000 0.900000 39.700000 3.250000
44.000000 30.500000 1744.785150 0.550000 43.850000 12.800000
44.500000 25.500000 1791.941500 0.650000 41.250000 8.650000
45.000000 20.500000 1958.809600 0.900000 41.700000 7.500000
45.000000 40.500000 1682.635850 0.300000 45.350000 15.300000
46.000000 10.500000 1777.359050 0.450000 39.600000 2.500000
46.000000 30.500000 1629.444150 0.600000 43.450000 11.800000
46.500000 25.500000 1641.731900 0.350000 42.300000 8.500000
47.000000 20.500000 1786.413200 0.500000 41.950000 7.700000
47.000000 40.500000 1397.575900 0.100000 45.400000 15.300000
48.000000 10.500000 1935.796950 0.900000 42.050000 2.650000
48.000000 30.500000 1772.355750 0.600000 43.300000 11.800000
48.500000 25.500000 1678.308450 0.400000 43.700000 8.500000
49.000000 20.500000 1800.577800 0.600000 41.600000 6.550000
49.000000 40.500000 1721.818950 0.300000 46.400000 14.800000
50.000000 10.500000 1966.068900 0.800000 41.900000 5.250000
50.000000 30.500000 1807.956400 0.450000 46.200000 16.100000
50.500000 25.500000 1822.560650 0.550000 45.500000 10.100000
51.000000 20.500000 1635.634750 0.400000 44.150000 11.800000
51.000000 40.500000 1654.829050 0.200000 47.600000 17.600000
52.000000 10.500000 1953.201600 0.850000 41.550000 5.050000
52.000000 30.500000 1918.831950 0.650000 47.100000 14.800000
52.500000 25.500000 1974.546700 0.700000 45.450000 9.950000
53.000000 20.500000 1794.733550 0.400000 46.200000 13.600000
53.000000 40.500000 1806.408500 0.700000 47.850000 18.700000
54.000000 10.500000 1577.221700 0.450000 42.250000 6.350000
54.000000 30.500000 1925.613250 0.600000 49.100000 16.900000
54.500000 25.500000 1848.451100 0.700000 45.450000 10.900000
55.000000 20.500000 1702.468900 0.450000 47.050000 14.200000
55.000000 40.500000 1948.802500 0.650000 49.050000 18.700000
56.000000 10.500000 1688.333900 0.500000 41.600000 4.600000
56.000000 30.500000 1798.309850 0.500000 47.650000 14.200000
56.500000 25.500000 1751.822950 0.300000 45.650000 9.500000
57.000000 20.500000 1684.106150 0.550000 44.700000 10.700000
57.000000 40.500000 1682.314100 0.350000 49.300000 17.200000
58.000000 10.500000 1833.283350 0.600000 41.800000 4.600000
58.000000 30.500000 1698.689550 0.150000 48.000000 14.000000
58.500000 25.500000 1728.815850 0.400000 46.500000 9.500000
59.000000 20.500000 1643.532550 0.300000 41.750000 9.850000
59.000000 40.500000 1785.320800 0.550000 47.550000 17.000000
60.000000 10.500000 1812.319600 0.550000 42.700000 7.600000
60.000000 30.500000 1782.628650 0.400000 46.650000 19.000000
60.500000 25.500000 1948.368000 0.750000 46.150000 15.700000
61.000000 20.500000 1622.350700 0.150000 46.000000 17.100000
61.000000 40.500000 1766.183800 0.600000 48.900000 20.700000
62.000000 10.500000 1754.201850 0.300000 43.450000 12.800000
62.000000 30.500000 1710.096000 0.300000 46.800000 19.850000
62.500000 25.500000 1854.449250 0.600000 47.650000 17.500000
63.000000 20.500000 1764.954650 0.500000 46.650000 18.400000
63.000000 40.500000 1922.354650 0.500000 50.850000 20.750000
64.000000 10.500000 1834.684600 0.650000 46.350000 15.800000
64.000000 30.500000 1829.728000 0.450000 47.250000 20.100000
64.500000 25.500000 1872.949650 0.550000 51.150000 19.500000
65.000000 20.500000 1777.943800 0.350000 45.400000 19.600000
65.000000 40.500000 1926.828850 0.750000 53.100000 21.000000
66.000000 10.500000 1665.227550 0.350000 47.600000 18.600000
66.000000 30.500000 1789.073250 0.350000 48.700000 20.500000
66.500000 25.500000 1878.495700 0.550000 51.000000 19.500000
67.000000 20.500000 1834.613300 0.450000 47.200000 20.350000
67.000000 40.500000 1827.011800 0.650000 47.400000 21.700000
68.000000 10.500000 1811.044150 0.400000 46.700000 19.000000
68.000000 30.500000 1955.640200 0.750000 50.650000 21.100000
68.500000 25.500000 1985.622250 0.600000 47.000000 20.000000
69.000000 20.500000 1872.069850 0.650000 52.100000 20.250000
69.000000 40.500000 1839.173550 0.550000 46.100000 21.850000
70.000000 10.500000 1993.445850 0.950000 50.000000 18.600000
70.000000 30.500000 1919.786400 0.850000 49.100000 21.500000
70.500000 25.500000 1820.761750 0.600000 47.050000 20.000000
71.000000 20.500000 1933.422350 0.700000 49.250000 21.500000
71.000000 40.500000 1952.279600 0.600000 54.050000 22.900000
72.000000 10.500000 1866.203050 0.600000 50.850000 19.350000
72.000000 30.500000 1991.659950 0.700000 48.050000 22.200000
72.500000 25.500000 1868.326500 0.700000 52.400000 20.800000
73.000000 20.500000 1690.462900 0.350000 49.500000 21.900000
73.000000 40.500000 1550.555050 0.050000 49.800000 23.650000
74.000000 10.500000 1801.174600 0.500000 50.000000 19.800000
74.000000 30.500000 1728.959550 0.350000 50.300000 22.700000
74.500000 25.500000 1666.491400 0.300000 48.800000 21.600000
75.000000 20.500000 1716.588050 0.550000 50.500000 22.350000
75.000000 40.500000 1905.075900 0.700000 47.050000 24.650000
76.000000 10.500000 1900.434200 0.700000 50.100000 20.250000
76.000000 30.500000 1832.548850 0.400000 50.300000 23.300000
76.500000 25.500000 1600.375800 0.350000 49.100000 22.750000
77.000000 20.500000 1832.814250 0.600000 50.250000 23.000000
77.000000 40.500000 1599.421800 0.150000 49.500000 27.250000
78.000000 10.500000 1803.156600 0.400000 52.150000 21.000000
78.000000 30.500000 1646.251500 0.200000 48.700000 26.050000
78.500000 25.500000 1803.533350 0.500000 52.600000 24.200000
79.000000 20.500000 1867.838450 0.600000 50.500000 23.050000
79.000000 40.500000 1471.039100 0.200000 50.600000 28.000000
80.000000 10.500000 1870.559350 0.600000 51.300000 20.300000
80.000000 30.500000 1527.495250 0.250000 47.650000 25.600000
80.500000 25.500000 1718.794500 0.400000 52.600000 24.200000
81.000000 20.500000 1854.334000 0.600000 48.500000 23.300000
81.000000 40.500000 1836.114700 0.650000 51.100000 28.350000
82.000000 10.500000 1711.463800 0.550000 49.100000 22.000000
82.000000 30.500000 1802.074100 0.500000 50.550000 28.100000
82.500000 25.500000 1783.362050 0.650000 52.900000 24.800000
83.000000 20.500000 1781.913300 0.550000 48.400000 25.500000
83.000000 40.500000 1871.292600 0.700000 53.600000 29.350000
84.000000 10.500000 1934.586850 0.700000 49.300000 22.300000
84.000000 30.500000 1924.373100 0.850000 50.950000 28.250000
84.500000 25.500000 1904.731900 0.650000 53.050000 24.800000
85.000000 20.500000 1790.528850 0.450000 48.450000 25.500000
85.000000 40.500000 1804.193300 0.600000 54.150000 29.500000
86.000000 10.500000 1932.973350 0.700000 49.600000 21.400000
86.000000 30.500000 1967.324200 0.850000 49.650000 27.250000
86.500000 25.500000 1847.076650 0.750000 51.950000 25.600000
87.000000 20.500000 1869.619200 0.600000 48.050000 25.200000
87.000000 40.500000 1760.916000 0.400000 52.750000 28.600000
88.000000 10.500000 1958.917100 0.800000 48.600000 23.800000
88.000000 30.500000 1958.914300 0.800000 52.600000 28.750000
88.500000 25.500000 1909.136150 0.700000 53.100000 26.500000
89.000000 20.500000 1884.623200 0.750000 48.700000 24.400000
89.000000 40.500000 1745.530050 0.350000 53.850000 28.100000
90.000000 10.500000 2014.429400 0.950000 48.850000 24.800000
90.000000 30.500000 1729.680400 0.600000 53.350000 29.750000
90.500000 25.500000 1791.026500 0.500000 48.500000 28.000000
91.000000 20.500000 1895.772850 0.500000 51.000000 26.450000
91.000000 40.500000 1795.399000 0.750000 50.950000 31.100000
92.000000 10.500000 1807.778750 0.450000 48.900000 24.800000
92.000000 30.500000 1787.091850 0.650000 52.600000 29.450000
92.500000 25.500000 1847.369750 0.600000 48.600000 28.000000
93.000000 20.500000 1761.128600 0.250000 51.650000 26.850000
93.000000 40.500000 1992.471900 0.650000 50.700000 31.250000
94.000000 10.500000 1761.802100 0.250000 49.050000 24.900000
94.000000 30.500000 1871.335850 0.700000 52.650000 29.900000
94.500000 25.500000 1984.164250 0.750000 49.100000 28.000000
95.000000 20.500000 1856.526800 0.500000 52.000000 27.100000
95.000000 40.500000 1962.684850 0.900000 49.950000 31.550000
96.000000 10.500000 1901.651100 0.800000 51.050000 25.550000
96.000000 30.500000 1752.090200 0.500000 51.250000 31.250000
96.500000 25.500000 1991.299450 0.750000 50.000000 28.500000
97.000000 20.500000 1899.341950 0.700000 52.200000 28.700000
97.000000 40.500000 1982.278300 0.700000 50.700000 32.750000
98.000000 10.500000 1840.402650 0.500000 50.400000 25.300000
98.000000 30.500000 2045.663100 0.750000 51.500000 31.250000
98.500000 25.500000 1922.853250 0.600000 51.350000 28.700000
99.000000 20.500000 1733.273550 0.300000 52.400000 28.850000
99.000000 40.500000 1911.071150 0.700000 51.600000 32.650000
100.000000 10.500000 1724.653850 0.350000 50.300000 25.150000
100.000000 30.500000 1857.950150 0.650000 52.050000 31.150000
100.500000 25.500000 1854.564650 0.450000 51.150000 28.500000
101.000000 20.500000 2085.887450 0.900000 52.500000 28.250000
101.000000 40.500000 1926.767950 0.500000 51.600000 32.650000
102.000000 10.500000 1785.149000 0.300000 50.500000 25.250000
102.000000 30.500000 1993.376100 0.750000 51.900000 30.900000
102.500000 25.500000 1651.872250 0.300000 51.550000 28.600000
103.000000 20.500000 1699.293350 0.300000 52.900000 28.400000
103.000000 40.500000 1905.418550 0.750000 51.900000 32.700000
104.000000 10.500000 1839.911050 0.600000 53.350000 27.650000
104.000000 30.500000 1915.958450 0.700000 50.700000 32.200000
104.500000 25.500000 1850.112200 0.400000 52.400000 29.500000
105.000000 20.500000 1982.315750 0.850000 52.800000 29.900000
105.000000 40.500000 1969.596250 0.800000 52.100000 32.750000
106.000000 10.500000 1822.907550 0.650000 52.700000 27.200000
106.000000 30.500000 1850.704750 0.750000 51.000000 31.600000
106.500000 25.500000 1735.343400 0.350000 52.150000 29.500000
107.000000 20.500000 1826.849500 0.500000 52.900000 29.600000
107.000000 40.500000 1970.344300 0.650000 51.950000 32.700000
108.000000 10.500000 1842.141400 0.550000 52.600000 27.200000
108.000000 30.500000 1902.380050 0.550000 51.000000 31.800000
108.500000 25.500000 2011.470150 0.750000 52.350000 29.650000
109.000000 20.500000 1850.630350 0.600000 52.150000 31.150000
109.000000 40.500000 2050.124450 0.950000 54.500000 33.750000
110.000000 10.500000 1672.618600 0.450000 51.600000 28.700000
110.000000 30.500000 1728.674900 0.400000 53.800000 33.650000
110.500000 25.500000 1853.224650 0.350000 51.650000 30.950000
111.000000 20.500000 2034.872000 0.800000 52.050000 31.850000
111.000000 40.500000 1844.865400 0.350000 52.650000 34.650000
112.000000 10.500000 1906.286100 0.500000 50.650000 29.800000
112.000000 30.500000 1735.362050 0.250000 54.200000 34.000000
112.500000 25.500000 1801.510600 0.650000 51.950000 30.800000
113.000000 20.500000 1848.519400 0.550000 51.750000 32.750000
113.000000 40.500000 1840.372800 0.600000 53.700000 34.650000
114.000000 10.500000 1477.671550 0.450000 50.350000 28.700000
114.000000 30.500000 1910.701050 0.600000 52.700000 33.050000
114.500000 25.500000 1696.094550 0.400000 53.100000 30.000000
115.000000 20.500000 1866.488950 0.750000 49.750000 32.200000
115.000000 40.500000 1818.739400 0.700000 55.200000 34.000000
116.000000 10.500000 1778.575500 0.650000 50.100000 29.000000
116.000000 30.500000 1809.443600 0.400000 53.800000 34.400000
116.500000 25.500000 1910.400150 0.650000 52.000000 31.300000
117.000000 20.500000 1792.236400 0.550000 52.600000 33.600000
117.000000 40.500000 1798.723800 0.400000 52.050000 36.600000
118.000000 10.500000 1797.626200 0.350000 51.500000 30.500000
118.000000 30.500000 1833.856750 0.550000 52.850000 36.450000
118.500000 25.500000 1534.302200 0.300000 52.900000 32.600000
119.000000 20.500000 1839.266650 0.550000 53.150000 34.300000
119.000000 40.500000 1738.645150 0.400000 53.100000 37.350000
120.000000 10.500000 1908.482900 0.750000 52.200000 31.000000
120.000000 30.500000 1925.624450 0.650000 52.850000 36.550000
120.500000 25.500000 1636.373700 0.350000 53.400000 32.300000
121.000000 20.500000 1964.169350 0.600000 55.400000 34.100000
121.000000 40.500000 1530.020800 0.200000 53.550000 37.350000
122.000000 10.500000 1932.845000 0.550000 54.400000 30.000000
122.000000 30.500000 1738.084450 0.350000 54.100000 35.800000
122.500000 25.500000 1671.516900 0.350000 54.050000 32.600000
123.000000 20.500000 1646.899500 0.200000 55.700000 33.800000
123.000000 40.500000 1710.962650 0.400000 54.400000 37.850000
124.000000 10.500000 2027.291150 0.750000 54.450000 29.800000
124.000000 30.500000 1706.227850 0.450000 54.850000 35.550000
124.500000 25.500000 1807.052650 0.300000 52.700000 32.100000
125.000000 20.500000 1673.342350 0.350000 55.700000 34.100000
125.000000 40.500000 1723.543550 0.250000 55.900000 38.400000
126.000000 10.500000 1878.165350 0.650000 54.350000 30.100000
126.000000 30.500000 1648.446500 0.300000 54.550000 36.650000
126.500000 25.500000 1767.077250 0.250000 54.700000 33.600000
127.000000 20.500000 1615.995700 0.300000 55.700000 33.900000
127.000000 40.500000 1766.183300 0.600000 55.600000 38.700000
128.000000 10.500000 1802.328950 0.500000 54.600000 31.300000
128.000000 30.500000 1973.636750 0.700000 55.400000 38.450000
128.500000 25.500000 1965.710150 0.550000 54.700000 34.100000
129.000000 20.500000 1809.221100 0.450000 54.800000 35.300000
129.000000 40.500000 2107.406000 0.600000 57.300000 40.550000
130.000000 10.500000 1903.387550 0.700000 54.100000 30.700000
130.000000 30.500000 1979.943450 0.500000 55.700000 37.650000
130.500000 25.500000 1830.873550 0.500000 54.650000 34.300000
131.000000 20.500000 1695.170050 0.450000 57.000000 36.050000
131.000000 40.500000 1007.084200 0.050000 58.950000 41.600000
132.000000 10.500000 1749.197450 0.650000 53.350000 29.600000
132.000000 30.500000 1969.991350 0.650000 57.650000 38.000000
132.500000 25.500000 1792.206050 0.400000 55.250000 34.650000
133.000000 20.500000 1767.922250 0.300000 57.700000 36.050000
133.000000 40.500000 1808.388950 0.200000 58.200000 41.600000
134.000000 10.500000 1554.413900 0.300000 54.150000 30.600000
134.000000 30.500000 1954.848250 0.550000 58.000000 39.350000
134.500000 25.500000 1852.502200 0.600000 55.950000 35.200000
135.000000 20.500000 1868.876200 0.350000 57.800000 36.750000
135.000000 40.500000 1863.089250 0.400000 58.500000 41.700000
136.000000 10.500000 1619.229800 0.450000 55.000000 31.200000
136.000000 30.500000 1747.821350 0.300000 57.900000 39.950000
136.500000 25.500000 1819.102500 0.450000 55.400000 34.400000
137.000000 20.500000 1735.956550 0.300000 58.450000 36.650000
137.000000 40.500000 1740.962200 0.200000 59.100000 41.700000
138.000000 10.500000 1667.445900 0.200000 53.400000 29.200000
138.000000 30.500000 1890.090800 0.400000 58.450000 41.000000
138.500000 25.500000 1747.384250 0.500000 55.900000 34.000000
139.000000 20.500000 1800.685750 0.300000 56.750000 36.750000
139.000000 40.500000 2011.001400 0.650000 60.300000 41.800000
140.000000 10.500000 1539.923200 0.250000 53.700000 29.600000
140.000000 30.500000 1853.610750 0.350000 58.850000 40.600000
140.500000 25.500000 1916.655200 0.600000 56.500000 34.400000
141.000000 20.500000 1840.067700 0.650000 57.400000 36.800000
141.000000 40.500000 1692.586900 0.400000 60.400000 41.750000
142.000000 10.500000 1567.930400 0.300000 53.300000 28.800000
142.000000 30.500000 1870.280700 0.500000 58.300000 39.350000
142.500000 25.500000 1773.140500 0.500000 56.100000 34.000000
143.000000 20.500000 2051.858600 0.750000 58.300000 36.800000
143.000000 40.500000 1859.898850 0.400000 60.850000 41.750000
144.000000 10.500000 1726.599500 0.300000 53.750000 29.600000
144.000000 30.500000 2007.241000 0.800000 59.700000 39.800000
144.500000 25.500000 1897.868350 0.500000 59.000000 38.000000
145.000000 20.500000 1781.500400 0.550000 59.300000 39.250000
145.000000 40.500000 1927.136950 0.600000 60.850000 41.850000
146.000000 10.500000 1721.805400 0.450000 57.000000 34.000000
146.000000 30.500000 1876.392350 0.650000 60.000000 40.000000
146.500000 25.500000 1838.569100 0.300000 61.050000 42.000000
147.000000 20.500000 1702.310050 0.250000 61.100000 42.000000
147.000000 40.500000 1786.603300 0.500000 61.150000 42.000000
148.000000 10.500000 1700.611000 0.200000 61.100000 42.000000
148.000000 30.500000 1844.273450 0.500000 61.100000 42.000000
148.500000 25.500000 2004.708850 0.750000 61.200000 42.000000
149.000000 20.500000 1878.156350 0.300000 62.750000 42.850000
149.000000 40.500000 1912.507850 0.650000 63.100000 44.000000
150.000000 10.500000 1861.203150 0.500000 62.200000 42.500000
150.000000 30.500000 2010.072250 0.750000 63.500000 44.100000
150.500000 25.500000 1841.723700 0.400000 63.300000 43.550000
151.000000 20.500000 1829.579600 0.600000 63.000000 43.600000
151.000000 40.500000 1268.678350 0.000000 66.100000 45.550000
152.000000 10.500000 1878.953900 0.550000 62.050000 42.500000
152.000000 30.500000 1974.691850 0.600000 63.950000 44.400000
152.500000 25.500000 1791.811250 0.600000 64.300000 44.050000
153.000000 20.500000 1876.346050 0.450000 63.000000 43.550000
153.000000 40.500000 1750.631200 0.200000 65.900000 45.450000
154.000000 10.500000 1832.370350 0.400000 62.150000 42.600000
154.000000 30.500000 1863.416150 0.350000 64.450000 44.650000
154.500000 25.500000 1917.413550 0.700000 64.500000 44.200000
155.000000 20.500000 1942.098350 0.550000 63.750000 44.050000
155.000000 40.500000 1816.516450 0.500000 67.850000 46.400000
156.000000 10.500000 1782.170100 0.650000 63.100000 42.900000
156.000000 30.500000 1900.812750 0.650000 65.750000 45.300000
156.500000 25.500000 2050.572950 0.950000 66.000000 44.700000
157.000000 20.500000 1873.169600 0.650000 64.200000 44.200000
157.000000 40.500000 1835.214850 0.400000 68.300000 46.600000
158.000000 10.500000 1878.427100 0.650000 63.150000 42.750000
158.000000 30.500000 1880.174800 0.700000 65.300000 45.150000
158.500000 25.500000 1762.169500 0.300000 65.400000 44.600000
159.000000 20.500000 1830.619250 0.350000 64.400000 44.100000
159.000000 40.500000 1899.348350 0.600000 68.200000 46.450000
160.000000 10.500000 1975.664550 0.500000 63.550000 43.250000
160.000000 30.500000 1878.952200 0.450000 68.600000 46.450000
160.500000 25.500000 1931.307550 0.650000 66.150000 45.100000
161.000000 20.500000 1815.364450 0.350000 64.200000 44.100000
161.000000 40.500000 1985.925450 0.700000 70.550000 47.150000
162.000000 10.500000 1837.409250 0.600000 62.950000 42.550000
162.000000 30.500000 1923.826800 0.450000 65.000000 44.750000
162.500000 25.500000 1816.089100 0.550000 65.750000 44.050000
163.000000 20.500000 1837.162950 0.500000 64.150000 43.600000
163.000000 40.500000 1810.560250 0.400000 67.850000 45.550000
164.000000 10.500000 2118.452400 0.800000 64.650000 43.550000
164.000000 30.500000 2026.895950 0.750000 67.950000 46.050000
164.500000 25.500000 1768.452400 0.500000 66.900000 46.000000
165.000000 20.500000 1864.604500 0.600000 64.350000 44.250000
165.000000 40.500000 1823.975800 0.450000 70.400000 48.750000
166.000000 10.500000 2020.224550 0.800000 67.250000 45.850000
166.000000 30.500000 1777.545900 0.450000 67.700000 52.150000
166.500000 25.500000 1872.094700 0.500000 66.550000 48.700000
167.000000 20.500000 2001.301150 0.750000 68.850000 49.000000
167.000000 40.500000 1652.017700 0.350000 66.900000 53.400000
168.000000 10.500000 2054.273000 0.750000 66.250000 44.000000
168.000000 30.500000 1946.364200 0.600000 68.750000 51.500000
168.500000 25.500000 1925.225050 0.500000 67.750000 48.750000
169.000000 20.500000 1883.768400 0.750000 68.750000 49.850000
169.000000 40.500000 1766.942800 0.450000 66.750000 53.600000
170.000000 10.500000 1946.488500 0.500000 67.850000 45.450000
170.000000 30.500000 1932.502950 0.650000 68.050000 51.850000
170.500000 25.500000 2004.505000 0.600000 65.700000 48.100000
171.000000 20.500000 1763.499000 0.450000 71.000000 48.550000
171.000000 40.500000 1836.328300 0.400000 66.800000 52.650000
172.000000 10.500000 1826.207750 0.500000 68.400000 45.200000
172.000000 30.500000 1908.852900 0.450000 68.000000 52.150000
172.500000 25.500000 1614.457600 0.450000 67.100000 49.000000
173.000000 20.500000 1783.583150 0.500000 70.400000 48.750000
173.000000 40.500000 1806.362650 0.450000 66.550000 52.750000
174.000000 10.500000 1792.021800 0.300000 69.300000 45.800000
174.000000 30.500000 2027.295550 0.850000 68.300000 52.100000
174.500000 25.500000 1767.396600 0.350000 67.750000 49.600000
175.000000 20.500000 1695.473550 0.400000 71.300000 48.650000
175.000000 40.500000 2057.614450 0.900000 67.350000 52.700000
176.000000 10.500000 1912.079050 0.650000 68.850000 44.250000
176.000000 30.500000 1973.477600 0.750000 70.950000 51.450000
176.500000 25.500000 1988.893200 0.550000 67.050000 48.000000
177.000000 20.500000 1942.205100 0.500000 71.800000 47.850000
177.000000 40.500000 1922.414100 0.450000 67.950000 52.550000
178.000000 10.500000 1965.252300 0.750000 68.950000 44.250000
178.000000 30.500000 1854.213600 0.500000 71.850000 51.150000
178.500000 25.500000 1639.316150 0.150000 67.250000 48.100000
179.000000 20.500000 1470.260100 0.450000 72.600000 47.500000
179.000000 40.500000 1838.283500 0.450000 66.900000 52.550000
180.000000 10.500000 1649.888550 0.700000 69.950000 45.000000
180.000000 30.500000 1979.980450 0.800000 71.000000 51.300000
180.500000 25.500000 1827.330250 0.650000 67.200000 48.200000
181.000000 20.500000 1768.879100 0.600000 72.450000 48.900000
181.000000 40.500000 2005.355850 0.650000 67.100000 52.650000
182.000000 10.500000 1752.441450 0.550000 69.750000 44.750000
182.000000 30.500000 1791.263700 0.300000 71.200000 51.450000
182.500000 25.500000 1908.485900 0.500000 67.500000 48.000000
183.000000 20.500000 1914.801300 0.650000 73.150000 49.900000
183.000000 40.500000 1994.666500 0.700000 66.750000 52.750000
184.000000 10.500000 1922.275200 0.900000 74.500000 50.400000
184.000000 30.500000 1987.734400 0.700000 67.050000 52.500000
184.500000 25.500000 2098.814500 0.650000 71.100000 51.500000
185.000000 20.500000 1949.483800 0.700000 70.550000 51.400000
185.000000 40.500000 2158.828450 0.750000 66.100000 52.950000
186.000000 10.500000 2020.792500 0.650000 74.550000 50.400000
186.000000 30.500000 1834.216150 0.400000 67.800000 52.400000
186.500000 25.500000 2039.927700 0.800000 71.300000 51.500000
187.000000 20.500000 2131.713400 0.750000 72.250000 51.300000
187.000000 40.500000 2014.458100 0.800000 66.250000 52.950000
188.000000 10.500000 1992.323350 0.550000 74.250000 50.600000
188.000000 30.500000 1886.786100 0.500000 68.000000 52.850000
188.500000 25.500000 1710.873050 0.600000 77.200000 53.500000
189.000000 20.500000 1769.702550 0.500000 69.750000 52.000000
189.000000 40.500000 1449.591100 0.100000 74.450000 55.800000
190.000000 10.500000 1807.779550 0.450000 73.600000 50.800000
190.000000 30.500000 1952.189200 0.550000 69.250000 53.600000
190.500000 25.500000 1882.506050 0.750000 76.850000 53.600000
191.000000 20.500000 1768.392800 0.300000 69.250000 53.250000
191.000000 40.500000 1709.773100 0.300000 79.350000 57.600000
192.000000 10.500000 1976.164350 0.350000 71.000000 51.600000
192.000000 30.500000 2089.391500 0.700000 77.550000 56.950000
192.500000 25.500000 1792.376750 0.300000 78.400000 54.700000
193.000000 20.500000 1942.618700 0.700000 73.150000 54.600000
193.000000 40.500000 1413.891300 0.200000 81.100000 58.500000
194.000000 10.500000 1835.329000 0.700000 71.100000 51.550000
194.000000 30.500000 1967.233900 0.700000 77.900000 56.550000
194.500000 25.500000 2026.345950 0.750000 78.150000 54.700000
195.000000 20.500000 2024.996050 0.750000 69.800000 53.250000
195.000000 40.500000 2040.553400 0.600000 82.100000 58.300000
196.000000 10.500000 2006.329900 0.700000 72.400000 51.200000
196.000000 30.500000 1847.979700 0.650000 76.500000 56.000000
196.500000 25.500000 1726.632800 0.500000 78.800000 54.600000
197.000000 20.500000 1588.212600 0.300000 69.500000 52.950000
197.000000 40.500000 1881.737400 0.600000 82.100000 58.300000
198.000000 10.500000 1886.018000 0.500000 70.900000 51.600000
198.000000 30.500000 2100.394250 0.950000 82.350000 58.350000
198.500000 25.500000 2178.279600 0.950000 79.750000 55.100000
199.000000 20.500000 1997.978650 0.650000 71.200000 53.400000
199.000000 40.500000 1593.085200 0.250000 82.300000 58.400000
200.000000 10.500000 1477.466650 0.250000 73.600000 50.900000
200.000000 30.500000 1537.573350 0.550000 75.000000 55.100000
200.500000 25.500000 1461.617500 0.500000 78.550000 54.700000
201.000000 20.500000 0.000000 0.000000 72.850000 53.850000
201.000000 40.500000 0.000000 0.000000 82.400000 58.600000
